0 1
2 3 4 5 6 7 8 9 10 11 12 13 14 15 16 17 18
19 20 21 22
23 24 25 26 27 28 29 30
31 32 17 33 34 17 25 35 36 37 38 39 40 41
42 43 44 45 46 47 25 48 49 50
25 51
52 53 54 55 56 57 58 59 60 61 62 63 64 65 66 67 44
68 32 69 70 71 72 73 9 74 75 76 77 2 78 79 80 25 81 21 16 82 48
83 84 85 86 87 88 89 90 91 92 93 94 95 0 96
97 49
98
99 100 21 101 102 88 103 104 102 21 16
68 105 106 107 108 109 110 111 112 113 114
25 115
116 117
118 119 120 121 122 2 123 124 125 2 126 127 128 129 130 12 131 132 133 134
135 136 137 138 1
139 140 141 142 143 144 145 146 147 148 149 150 151 152
153 154 155 156
157 146 158
89 157 107 108 50
159 160 25 161 12 162 163 164 165 166 167
153 43 26 168 169 170 171 172 173 18 122 174 175 176 177
178 179 180 17 181 182 183 18 21 184 185 186 18
187 168 188 189 190 122 191 192
193 194 195
99 196 21 101 102
197 198 199 200 201 202 43 203
204 120 205 206 132 207 25 48
208 209 210 211 212 213 214 215 171
216 217 218 219 25 220 221 222 18 17 138
99 100 223 21 101 102
224 225 226 227 228 229 230 231 232 233 234 235 236 237 38 82 238 44 239 240 241 242 243 244 44 245 50 246 247 248 71 222 249 250 251 185 246 252 73 21 88 253 254 255 256 257 258 259 260 1 261 71 262 179 21 263 25 108 50 25 108 50 264 25 44 252 246
265 21 221
266 267 25 268 236 263 242 269 44
270
236 271 272 48 44 18
25 273 274 11 48 44
89 140 275 276
277 278 18
204 120 279 65 280 127 281 282 283 275
113 120 207 284 107 236 50 25 273 274
275 285
47 286 153 287 11 48 44
288 289 290 122 21 74 18
291 292 215 21 17
293 273 274 275 285
294 295 25 273 296
282 297 48 270
298 299 300 301
302 303
302 304
305 306 307 118 308 262 309 310 2 311 312 313 2 314 315 138 316 113 317 318 319 320 321 322 2 113 323 120 86 324 325 326
327 124 328 329 330 331 132 291 332
333 334 335 336 298 337 21 338
215 339 1 260 340 341 246
342 343 344 345 346 347 348 349 350 351
2 352 353 354 44 21 17
25 355 356
275 357 9 358 359 190 360 25 361 362 363 25 364 365
2 215 170 171 366 260 252 246
66 195 73 2 367 71 368 215 369 298 300 301
94 370 371 372 373 374 375
215 163 39 252 246
376 88 248 377 378 366 260 118 379 380 381 382 383 384 385 386 382 387 388 88 389 390 376
391 392 146 393 394 111 9 74 395 396 397 398 399 400 74 298 401 402
107 403 284
98 74 404
153 361 156 154
405 173 406 407 408 47
118 409 410 411 171 260 242 269
412 413 414 415 249 416
272 65 118 417 418 419 44 21 420
421 363 422 423 283 424 425 426 140 368 427 428 429 66 12 430 9 431 432 140 89 433 434
118 435 298 360 280 127 282 279 65 275 276
436 290 9 437 438 122 439 440 21 441 442
75 79 80 25 81
443 120 25 444 445 446 35 447 448 48 268 449 450
157 451 452 453 454
455 298 299 9 456 457 21 372 361 458
459 460 207 257 25 48 461
120 462 207 463 461 464
465 12 466 246 252
407 467 468
107 469 470 471 472 38 473
234
398 474 203 475 11 476
451 156 18 477 478
451 156 477 478 479
451 156 16 480
481 482 65 483 484 485
279 372 156 48 44 486 487
275 122
153 488 489 275 283
294 257 490 47 286
118 491 145 492 282 493 275 276 494 49 50 419 495 88
496 497 498 270
283 275 0 499
419 12 13
500 501 153 198
502 2 503 45 504 505 279 65 506 507 282 486 508 374 509 510 511 512 513 71 514 515 1 516
517 518 374 519 138 520
521 522 523 524 25 161
525 526 527 528
231 529 530 531 532 533 534 535 107 132 99 395
536 537 538 539 118 540 541 542 543 21 544 545 546
120 547 548 416 549 10 550
140 195
551 552 553 554 140 1
555 49 210 556 487 557 558
270 559 9 0 89 414 560 561 252 246
562 563 564
453 565 242 269 54
566 567 568 569
47 68 105 294 570 571
572 573 574 34 575 73 576 577 132 578 579 580 581 582 583 584 585 586 587 588 589 590 591 573 88 9 132 592 297 593 594
595 596 597 598 599 600 601 602 574 208 201 72 118 603 604 605 127
606 607 608 609 610 611 612 484 613 614 460 615 616 617 102 618 619
620 621 206 479 622 623 624 625
275 282
21 246 253
39 127 128 129 626 482 627 39 628 344 39 629 630 275 276 631 632 633 634 635 195 636 48 637 638 39 639 640 641 642 643 2 644 39 645 646 39 382 647 492 2 43 648 649 363 650 651 652 653 39 437 103 374 39 654 422 655 381 656 657 658 39 659 660 554 39 298 661 523 662 279 663 664 665 666 667 39 668 108 144 669 121 120 39 670 671 534 99 226 672 279 65 20 673 674 39 675 623 397 625 676 47 677 209 678 2 679 680 681 682 683 684 462 685 686 687 660 688 39 689 690 691 692 118 570 100 666 693 694 695 574
696 697 631 564 451 173 406 698
699 173 406 407 153 257 21 207 25 48
700 625 701 702 83 703 704 668 705 706 298 661 707 708 179 709 710 711 712 43 638 713 714 715 179 250 716 717 718 711 719 37 716 557 71 462 720 721 2 722
2 723 635 120 724 725 726 195 567 453 727 242 728 216 729 730 242 461 731 73 294 732 88 733 520 253
734
74 735 736 269 49 737 140
144 570 299 15 738 739 21 740 246
741 742 743 744 225 206 25 745
43 186 43 25 519 51 746
177 747 748
749 750 751
752 753 73 754 371 553 755 205 733 756 10 550 757 758 759 760 761 762 623 622 631 763 764
120 765 207 766 25 273 274
102 299 118 767 488 257 18 675 625
301 768
45 769 51 770 161 25 771 246 772 212 2 773 350 774 775 25 242 737 82
776 777 778 779 12 635 548 780
462 439 21 781
314 301 782 783
784 785
9 21 786 25 26 787
788 662 118 789 790 360 791 282 792 793 132 794
795 796 275 122 98 797
522 143 73 146 147 148 144 145 798 151 152 799 800 21 801 141 142
419 416
802 769 9 803 804 805 492 806
551 552 75 807
405 173 406 407 207 25 808
205 282 207 257 293 273 274
207 809 810 461 733 462 323
811 282 275 276
812 88 755 65 392 755 392
813 814 815 816 817 544 143 11 17 570
9 573 523
9 88 203 403 567 818 819 487 820 821 153 822 6 823 824 825 12 635 826 25 827 828 240
21 207 819 195
273 25 72 829 488 257 122 280 830 831 832 833 65 834 103 44 132 130 124
835 124 836 837 838 454 839 100 840 635 841 842 21 843 844 654
21 272 257
845 21 846 847 848
451 173 406 407
834 103 44 275 360 849 850
851 852 118 767 853 298 107 236 50
298 854 275 283
596 54 766 16 855 856
551 492 205 298 857 767 18 138 858
204 120 712 822 488 25 48 132 275 285
451 173 406
500 501 153 198
825 12 635
859 860 861 567 275 862
2 863 25 26 48 268 265 864 21
474 203 25 26
621 733
851 852 118 767 853 298 107 236 50
236 47 865 326 2 118 587 704 668
866 242
39 252 246
301 215
360 195 0 122
642 18 153 867
868 869 870 871 12 13 376 476 872 190 360 873 140 874 89 875 876 877 878 879 880 275 285 66 71 416 881 130 882 883 44
49 279 65 20 884 44
790 885 551 886 887 888 889 849 647 492 890 413 161 891 892 636 20 279 65 132 893 772
621 894 819 487 895 896 9 897 898 899 825 12 635 900 901 902 903 38
904 198 666 905 906 877 9 412 907 908 74 909 910
206 911 145 48 912 25 273 274
363 913 356 73 279 65 350 914 198
551 416 488 257 915 294 496 282 374 916 917 918 919 920 25 355 48 268
921 922 923 924 925
926 25 138 927 363 414 928
929 930 2 362 931 932 933 934 935 25 35 71 936 937 938 258 153 489 939
940 941 216 942
108 291 25 361 43 363
275 285 132 943 944
920 43 44 43 25
945 351 946 947 121 120 948 949
950 951 952 583 953 906 954 955 956 10 957 958 959 960 583 961 947
562 962 963
451 173 406 407 488 25 48 21 18
293 273 274 47 964 704 668
1 617 104 784 965 300 18
966 44 263
564 263 784 564
967 186 968 753 969 212 970 971 972 973 2 863 25 26 48 268 265 864 21
974 975 467 375 976
822 977 108 419 766
461 462 323 207 497
153 978
283 542 979 0 980 202 43 203
981 982 983 47 293 273 274 275 285
984 985 986 987 988
25 26 48 912
989 458
461 25 990 991 570
774 775 25 992 831 112 113 993 30 994
104 419 680 761 791 25 995 48 808
25 26 257
996 102 997 998 834 103 44
26 273 274 275 276
285 363 913 327
369 999 1000 260 1
336 298 118 492 275 282
1001 596 734 25 1002 1003
833 1004 257
486 1005 68 1006 1007 666 257 666 667 1008 108 50 1009 1010 148
153 257 279 65 1011 766 75
25 26 49 50
120 1012 403 1013 25 1014 1015 1016
1017 1018 1019 1020 1021 21 1022 1023 39 1024 1025 805 1026 1027 1028 862 1029 1030 1031 363 1032 127 128 129 631 632 612 1033 792 1034 298 191 9 132 363 1035 567 1036 1037 1038 551 1039 1040 154 928 41 1041 1042 1043 1044 189 665 1045 1046 1047 1048 1049 1050 1051 25 26 48 808 265 221 10 272 1024 594 395 1052 1053 98
474 203 475 11 476
1054 1055 73 1056 503 12 1057 20 1058 127 1059 1060 1061 1062 1063 68 1064 1065 262 1066 153 1067 34 1068 1069 1070 265 221 168 102 173 1071 1072 1073 1074 740 1075
377 1076 1077 1078 1079 253
1080 1081 65 20
710 422 20 374 1082 1083 1084 44 1085 461 25 26 21 1086 290
699 173 406 407 153 257 21 207 25 48
1087 153 1088 1089 290 1090
140
461 195 281 555 1091 1092 18 1093
1 702 621 733 0
25 1094 461 488 1095
1096 499 1097 1096 1098
1099 522 12 1100 1101 1102 1103
279 65 461 462 323
1104 1105
189 103 113 120
462 120 207 555 25 48 189
336 298 1106 12 1107 1108 1109
144 1110 492 1111 297 9 1112
1113 1114 362 129 1115 1116 1117 789 958 1118 1119 1120 1121 1122 1123 958 499 128 1124 1115 1125 201 1126 958 1118 1127 212
654 422 667 704 144 668 231 1128 132 1129 1130 488 1131 1132 654 422 808 1011 497
9 1133 1134 1135 1136
144 590 1137
110 1138 76 12 131 1139 440 113 120 1140 1141 567 570 938 419 1142 697 321 567
486 487 75 555 1143
1138 487 451 1144 1145 65 225 1146 149 1147 68 1148 487 654 422 667
1149 1150 1151 1152
666 1153 99 196 1154 594 437 395
107 1155 1156 1157 1158 1159
1106 382 1160
1161 1162 1163 1164
1165 1105
1166 1167
1168 1169 1170 852
1171 1172 454 1173
1174 1175 20 234 666 1176 654 422 667 74 75 766
143 1177 398 757 758 1096 1178 1179 2 314 1180 44 1181 9 1182 1183 314 1184 1185
9 593 1186 118
1187 1188 1162
1189 1190 1191 1192 583 98
1193 662 214 1194
74 1195 9 590 1196 1138 463 2 487
1197 1198 73 9 148 1199 1200 2 1201 1202 1136 492
107 108 470 1203 668 99 196
461 462 323 321 1204
121 120 488 25 808 1174 662 569 257 321 1205 1127 269
74 1115 1206 1207 1208 1039 246 1209 593 1210
1211 1212 756 555
204 120 99 196 295
677 1213 48
1112 1214
334 440 99 196
666 257 206 555 1215 590
146 1216 151 152 9 1217 74 1160 1218 1214 297
551 1219 201 1220 1221 686 271 523 240 361 1222
204 120 1223 1224 667 281 555 214 1194
1171 1172 454 1173
2 248 581 190 581 298 661 1225 107 1226 492 1227 18 1228 1229 1230 25 26 257 207 284 1231 1232 593 41 551
9 621 1233 492 757 47 486 487
118 587 1234 66 570 1235 2 522 2 1236 591 147 1237 1238
189 47 323
113 1239 207 295 555 189
1240 1241 189 462 323 1242 25 570 1243 1244 1245 1016
146 1246 1247 1248 1215 1131 1192 1249 567
1250 487 1251 1252 1253 1254 322 321 822
1255 458 113 323 1256 1257
110 1138 76 12 131 1139 440 113 120 1140 1141 567 570 938 419 1142 697 321 567
1258 1259 1260 1261
1262 548 73 1263 1264 147 1265
2 971 189 455 677 107 1266 570 1136 1267 144 214
1202 1136 492
1268 2 118 587 1269 1270 1271 1192 1236 1272 1273 197 2 1274 522 113 1275 1276 1277 1278
1279 850 1280 1281 666 625 1282 1283 1116 1284 1285 1286 398 972 201 453 257 1287 100
1203 492 118 1288 1289 1096 1192
587 492 1290 1291 1292
321 809 214 662
1116 737 82 1274 492 1293 1294 1295 118 1296 1297 1298 1299 662 1300 499
1205 1301 666 667
1302 836 492 1303 1304
189 462 323
1305 1306
1133 1134 1135 1136
664 1036 594
1202 1307 156
477 1147 209 1308
74 75 1309 398 1310 9 805 1311 1312 1313 1314 1315 282 1316
74 1317 1318 1319 769 1320 1321 1322 1323 995 1324
1325 1326 1128
958 250 1302
810 1131 73 113 323 454 666 667 1327 382 1328
1203 662 492 12 1107
144 201 1203 154
586
25 1265 958 498
1116 143 73 2 1329 1330
569 1331 50 492 149 1162
2 1118 1332 2 971 492 757 758 1099 491
833 257
1333 1334 1335 47 1336 559 1337 1338 1339 50 822 1340 231 1341 1342
1343 1344 1345 1346 1347 1348 1349 892 554 1350 1351 1352 298 2 299 1353 1354 1355 179 1356 1357 1358
492 590 1359 1360 710 422
204 120 1361 1362 1363 1364 2 1127 591 1365 1366
733 995 1367
121 120 118 295 99 196
25 48 299 148 1368 1369 1157 80
206 48 912 99 196
1370 1371 197 12 1107
1112 1214
569 1372 1373 680
121 120 25 848 1374 295 666 1375
1376 1024 1377 702 197 1378 132 1379 1380 1381 574 1382 1383 440 1384 1385 1386 107 49 1387 1388 1389 1390 862
9 569 1288 769 51 2 1061 1111 1391 1392 143 784 1393 1394 1395
462 120 207 809 25 48 189 343 462 323 677 573 1396 938 756
626 853 1 670 710 422 667
1397 1398 1342 1399 1400 321 809 1397 214 1401 1402 603
12 1403 1404 492 214 662
118 1116 1405 1406 1407 47 1275 1408 1131 912 1409 1236 113 1275 1410 1351 1411 587 1412 1413 1414 1415
488 463 1416 1417 120 1418 41 74 1419
9 1096 382 492 389 73 144 1236 1420 50
2 1347 1421 118 1422 1423 1296
757 1198 1424
477 41 2 1425 257 336 298 165 836 492 590
666 1426 110 257 1203 767 2 1062 1427 295 1365 1366
1428 1429 1009 1010 1430 195 583 1011 48 44
74 1431 492 1432 1433
1434 848 214 113 1310 1435 1436 418 1202 1136 492
1396 1437 1438 2 314 1439 1440 656 336 1441 569 1331 50 144 1442 972 39 192 1443 297 1111 1096 9 1444 1445 522 775 1446 1238 214 179 1061 1447 1203 66 1448 499 34 972 297 1449 1450
204 120 207 1451 25 48 494 214 1194
1193 47 1203 214 1274 492 1106 1194
1193 12 1452 1203 603 197 12 1107 149 492
477 41 2 486 257 336 298 165 836 492 590
276 1453 1174 603
938 1454 1455 882
1338 567 143 73 533 567
1456 1374 1457 1378 995 1458 1459 12 1107 144 1460 1461
720 1096 477 1462 473 1463 1464 73
1465 12 1100 1136 154
111 1466 1467 392 121 120 99 100 50
161 156 1468 382 1469 2 978 140 1470 1471 1472 12 1473 282 1474 1475 1476 275 1477
1478 1136 668
1240 1241 1475 80 149 107 1479
1480 80 996 887 1333 677 1337 12 1481 1338 50 1342 1482 1483 1484 1136
113 120 231 822 99 196
204 120 189 207 25 48
1197 1198 73 9 148 1199 1200 2 1201 1202 1136 492
103 108 1192 1272 1273 1116 1485 1202 1136 1486
677 487 9 65 392
204 120 279 65 299 403 107 25 48 636 281 555
462 120 294 809 1010 189
492 590 1203 603
666 1487 486 487 1488 758 590 492
1489 1490 1491 769 1492 1493 1494 1495 9 1496 1039 1497 260 1498 1483 1126 132 1116 1286 492 1039 1499 1500 1210 1501 979 1502 1503 1504 257 94 1505 569 658 1302 836 668 1099 1175 1506 903
210 847 462 323 1507 621
9 477 756 555 107 108 1328
1202 1302 154
1508 1509 1510
1116 1187 1338 1511 270 132 12 1512
1513 1514 1515 1516
1517 1518 1519 1520 326 47 704 668
113 120 454 25 48 299 666 667 460 1166 590
295 49 50 99 196
88 454 1521 1522 198 118 1288
295 49 50 99 196
810 755 73 113 323 1240 1523 454 666 667 1327 382 1328
1524 554 1525 1526 1 165 1527 1350 1528
1529 1530 1531 1468 634 1532 59 1532 1533 1072 1534 1535 1536 1537
654 422 1538
1342 1539 708 179 1540 377 1541 1542 847 210 195 1543 1544 1545 1152 1546 1547 666 1548 1549 318 260 1550 1551 1552 1553 1554 1555 1556 1557 323 462 662 1558 279 113 1559 486 1560 1202 1136 1561 113 1562 757 1563 1564 1565 1566 1567 1568 1567 1568 1567 1569 1570 1571 1572 1573 1574 649 128 1575 71 1576 1577 666 195 1455 34 1578 1579 1571 34 1580 1581 1582 1161 1552 1583 1584 1585 935 107 1586 1587 1588 1116 1589 34 250 1590 361 128 1118 1591 1272 1592
1593 492 99 196
1594 753 189 462 323
494 189 462 323 2 666 667 2 1483 1595 1596 2 600 1595 1596 1597 971 210 294 1598 1599 1600 494 1401 662 1483 214 1194 1236
1601 1602 587 1603 1604
2 1605 1606 1607 12 120 708 179 1608 100 1609 1106 12 1107 2 1466 1610 1105
144 1110 887 898 899 1611 1369 1157 1612 50 118 1613 361 1614 1615 113 1559
380 113 1616 1106 12 1107 118 12 1617 144 767 1240 282 573 1618 1619
121 120 2 107 1147 196 1275 1372 590 1236
113 1620 1621 1622
20 113 1239 791 25 48 149 590
197 12 1107 214 492
1623 1185
654 422 667
110 1624 487
1625 1483 492
1626 1627 1203 1628 281 555 1629 577 487 1630 297 48 1212 1365 1366
1631 113 757 1262 1632 192 1633 25 1355 144 1634
557 1635 1636 462 733 209 678 453 535 974 1637 422 667 455 1638 2 1639 1640 1641 1642 1105 2 1643 1328 1644 1267
1645 1646 73 1200 1647 189 462 323 756 71 912 477 1648 1215 1194 587 1649
462 323 809 189 197 12 1107 2 1639 1257 2 1643 1644 1267
382 1192 1650 1651 107 756 1351 2 587 1652 1653 1654
47 865 326 207 295 454
784 564
462 120 207 809 25 777 189
25 48 299
454 195
21 1655 1082 769 1656 51 1657 1658 140 344 363 781 1659 1315 1660 1661 76 1662 1663
776 1664 376 1464 107 108 50 100 492 148 582 1665 1666 1667 1302 1668 1450
1669 196 666 257 190 573 118 1296 857 767 1665 1666 1667 1302 166 1450
1351 1284 1670 2 1671 2 1342 12 1107 1641 892 1672 2 1673 1674 1267 1192 1249 567 149 1351
2 1037 1298 1215 156 1675
477 593
1676 132 570 1172 144 1110 1289 1214
281 282 149 156 587 492
147 1039
209 1677 73 1678 1679 1680 1681 1682 1683 1684 1685 477 1686 1687
246 1688 16 74 1689
893 1024 772 132 363 487 626 911 39 1269 1331 50 1690 1519 73 950 363 225 226 1174 1691 215 1692 583 1133 297 477 1693 1694 1280 767 1269 1296 583 149 209 1695 65 148 1696 1697 108 1698 189 1699 912 1174 1700 1203 767 2 583 65 148 1010 279 1701 1488 47 583 1702 1136 1703 1488 47 99 1067 755 121 120 1229 665 9 583 1702 1136 1704 666 1426 486 1487 1351 587
492 113 1705 1706 1116 1202 1707 1708
1425 1709 1116 1710 1466 25 26 1711 656 144 1288 1665 1666 1712 1713 1450
462 120 1714 666 667
197 590 310 1715
118 587 666 460
1197 1110 1274 1716
533 1128 1215 1717 1718 154 588 361 1719 1720 544 297 1721 152 168 492 175 18 1722 1723 74 1431
146 1724
113 757 214 662
1174 1210 492
569 1372 492
1173 49
462 120 207 809 25 48 189
555 206 99 196
462 323 206 99 196
204 120 626 1231 1203 767 1257 48 912 710 422 667
1461 12 1107
712 822 1154 1725
1108 1726 995 154
666 257 99 196
1727 1224 667 1728 387 118 1296 149 1370 492
120 547 1129 755 567 12 1729 1730 422
983 462
121 120 207 809 25 48 189
236 911 207 295
1549 1731 1732 1733 912 1734 1735
25 26 48 268
1736 25 26 48 1737 1738 1731 136 1739 1740 1741
1736 1742 25 26 48 268 1731 136 1743 1740 1741
1744 667 73 144 330 1745 1746 1747 1748 1749 1750 1751 1752 1753 1754 1755 1756 1757 1758 43 1759 775 1760
1761 1762 113 1616 118 1288
1749 1750 1751 1727 1224 777 144 1763 656
1749 1750 1751 1727 1224 777 656
887 672 1764 80 1765 1335
322 49 848 1766 659 1212 499 1215 492 1625 25 26 48 808 1767 1768 1769 1770 1223 837 667 1749 1750 1751 656 100 108 25 26 107 48 657 658 1769 1770 1212 25 1771 361 567
1425 257 1101 1772 1213 1 248
1773 837 12 1452 144 1446
279 113 1559 656
1774 299 1775
655 381 656 1776 1777 1778 204 120 260 1779 1213 1780 226 647 1781 144 1288
1425 257 1101 1772 1213 1 248
80 887
144 1596
655 381
1782 9 593 1783 146 39 659 1749 1750 1751 656
1784 321 1457 1785 1786
868 1787 554
1788 1789 1790 852 1791 198 1792 71 144 113 1793 350 113 1794 1762 113 1727 1795 144 113 1793 1796 113 1794 372 330 1504 179 1797 1798 330 1799 179 1800 1801 2 656 1762 113 1727 144 113 1793 1396 1802 1803 1804 113 1794
1805 282 1806 127 1807 213 2 1288 2 1808 492 1665 1809 1810 448 48 268
535 294 544 1811 50 102 1812 1813 118 148 1372 12 1452 535 294 2 1814 12 1452 1331 50 118 102 1812 1815 148 107 144 1331 50 9 12 1452
380 1816 1668 298 1817 191 1397 1818 1819 1820 1821 1257 1785 1786
1822 1096 1722 1723
1174 492 1823
144 1824
1825 1826 1749 1827 1751 1044
666 257 1828 103 1829 1830 204 120 200 1831 191 298 18 1832 623 1833 625
144 1331 50 492 1446 1596
361 567
1834 662 120 765 1136 836 603 1174 12 1452
1835 1836 384 1837 377 1838 1839 1840 250 1339 9 74 1841 1842 1843 1464 1332 549 1323 995 74 1607 1323 1039
805 1662 1844 1845 1846 1847 21 436 290 275 285 584 1848 128 1725 594 1849 142 1850 1851 1852
1772 492 1613 1236 1727 1224 667 144 1596
1853 1750 1854 144 1110
144 1807 492 656
1727 399 1853 1750 1854
1727 1224 667 118 1855 1472 1856
1274 1331 50 144 1596
1857 1858 1003 1836 132 39 301 246 586 668 144 1859 570 1860 1274 492 121 120 1861 100 414 560 392 395 111 461 1862 659 1863 21 290 25 268 299 291 17 1864 384 395 441
534 25 26 1865 1350 1866
1749 1750 1751
1867 1695 1868 1869 154 1870 1871 1872 324 1873 1874 260 1875 1876 253 1567 1877 1878 71 1879 1880 12 1881 1882 1883 1884 318 1885 1539 1886 1887 1888 978 203 1889 1215 156 1890 760 382 492 1891 1892 9 495 1893 1894 1895 1896 1897 1898 1899 1900 331 1901 1902 997 767 299 1 21 398 1903 1904 1862 1905 1906 9 1907 1908 1909 178 1910 1911 1912 1913 104 369 1 260 1914 18
144 1214 492
336 1441 1749 1827 1751 1488 758 1274 1331 50 144 1110
74 1719 144 1763 146 1133 149 473 118 1296 380 381 1786
409 857 492 118 569 1288
74 1719 144 1763 146 1133 149 473 118 1296 380 381 1786
1915 1827 1751 1916 1549 1917
1918 1705 1919 1274 1296
380 73 1785 1786
655 1920 1446 1596
1921 1922 656 1218 180
2 1549 1731 118 1214 1923 250 403 129
1924 808 207 555 551 1925
144 1214 9 1274 492 1926 656
1927 1928 1929 1549 1731 1930 1931 1733 1932 1933 1934 548 1935
1936 2 1937 1938 1939 1616 1940 1941
102 299 73 1942 1943 623 675 625 18
1944 144 1406 1214 73 772 1945
110 1375 1946 1947 144 1596 1727 1224 667 1157 48 44
1921 1948 34 1949 1950
448 48 268
1951 1952 656
597 12 1107
1953 1954 1931 1549 1917 25 1955 1956 113 1957 1958 349
9 197 1959 144 1596 103 279 65
1960 1335 1961 1961 1 120 47 1274 1296 1762 381
1962 1963 47 1964 1965 1966 1967 1396
74 448 1968 1969 1772 492 569 1970 144 1971 9 1289 1461 1972 1973 25 26 48 268 1223 1224 667 1197 1198 144 1214 1801 588 1974 1975 1976 1977 361 567
214 12 1452 857 492 1455 1238 144 1596
1455 1763 857 492 144 1596
666 127 279 65 299 282
1727 1224 667 144 1754 1110
382 1625
1978 21 1979
21 1086 290
1880 1931 1980 209 441 47 1114 402 392 1416 395 1981 1982 1983 2 25 48 1984 1880 1985 321 1986 2 361 1987 1988 657 658 1989 1990 1416 534 361 567
75 25 26 48 1991
1616 399 1992 1993 1994
1995 1450 1996 623 1943 1997 1472 1931 1998 144 1110 113 1727 314 1999 2000
1472 1931 1998 144 1596 113 1727 1995 1996 623 1943 625
1727 1224 667 1772 492
2001 2002 2003 769 2004 2005 192 73 2006 2007 2008 2009 2010 2011 37 2012 765 2013 2014 2015 769 927 43 2005 192 73 1739 1859 848 1114 0 127 128 129 950 2016 140 2017 190 360 2018 80 2019 611 1 2020 2021 740 310
381 1362 1785 1786
757 758 1772 492 1446 1596
1762 113 1616 2022 2023 588 2024
120 440 621 2025 299 2026 570 1141 567 1732 2027 1549 1917 588 659 1685 574 2028 2029 284 209 678 2030 2031 201
1978 132 39 2032 2033 2034 250 1274 1192 603 1272 1273 2 1112 492 1749 1750 1751 2 1288 1275 47 144 1110
1288 492 144 1817
282 1451 380 1816
656
1918 1705 9 200 1921 321 2035 2036 50 149 2037 1161 1096 2038 2039 832 833 65 2040 492 118 1288
1616 47 1994 1853 1750 1751 2041 1110
1488 1634 9 1708 2042 118 492
121 120
298 2043
369 2044 581 555 1961 1961 1 299 258
250 2045 2046 1347 2047 2048 2049 2050 2051 2052 2051 654 600 377 2053 71 2054 190 635 581
573 209 678 113 1559 2055 12 2056
2057 655 1853 1750 1751
2058 1095
1747 1748 1853 1750 1751 382 492 144 1110
1549 1917 1947 1335 279 113 1559 656
1488 1062 1709 569 1296 857 1264 1174 12 1452
281 555 1762 47 1616
1976 1976 1335 1973 403 107 44 1727 1224 667 2059 2060 879
144 662 2061 80 98 9 39 2062 2063 21 1082 1230 702
47 1705 1685 1288 278 9 113 1616 118 12 1107
118 603 2064 23 2065 179 722 2066
380 1816
118 1288 201 299 1162
482 113 1559
144 1296 2067 2068 655 381
997 662 492 656
997 492 144 1596
1853 1750 1854 2069 12 1107
857 767 757 758 382 603 47 1275 118 1331 50
1275 47 118 1288
1761 113 1727 382 1110
656
1567 113 2070 1727 399 279 1750 1854
2 1824 2071 2072 201 1713 2073 179 2074 2075 2076
2077 118 1296 1853 399
1762 47 1616
9 1391 1111 297 149 1210 492 588 47 1616
1944 144 1406 1596
144 1110
1193 758 1446 1596
857 492 2078 1272 1273 997 144 1596
47 1275 118 1288
1274 492
1785 1786
1274 492 118 1288
336 492 2079 2080 2081 193 1274 2082 2083 2084 2085 430 71 2086 1695 978 2087 203 2088 1483 156 113 2089 1200 2 522 1203 662 1096 148 2090 435 2 2091 124 1625 197 2092 2093 2094 2095 2096 257 569 2097 757 1198 1116 2098 1469 2099 492 2100 1296 591 2015 534 588 361 1719 1732 1441 2101 2102 1749 1750 1751 144 2103 2104 1214 1596
144 113 2105 1446 2106
1853 1827 1854 144 656
1727 1224 667 144 1110 1613 1236 207 809 1772 767 1112 1596
581 194 170 171
279 1827 37 1926 2107 2108 1296 775 2094 2109 2110 2111 2112 2113 2114 1754 2115 1754 82 720 2116 2117 355
1465 1275 758 144 1110
1853 1750 1751
1111 492 144 1596 803 399 25 26 48 268 1722 1723
666 2118 1634 20 1564 299 2119 1406 2120 1908 2121 2122
1269 213 2123 2104
2094 1807
1853 1750 1751 21 2124
2125 2126 2127 323 450 2128 2129 2130 2131
1853 1750 1751
144 2132 1362 671
2133 2134 127 128 129 2001 2135 130 487 2 2136 1123 2137 2 138 2138 631 2139 398 122 790 360 2140 80 2141 118 998 2142 271 2143 2144 2145 2146 322 660 492 132 2147 944 805 2148 2149 2150 2151 2152 636 1099 2153 382 702 1045 1046 1338 2154 548 2155 2156 297 147 148 1044 2157 17 168 1717 144 1763 569 1288 1223 1224 667 656 1749 2158 240 1722 1723 797 9 98
655 381
281 1740 1727 1224 667 1785 1786
1785 1786 2159
448
21 2160 2161
2162 73 47 1275 382 387
41 1118 9 132 74 893 1785 1786
1749 1750 1751
656 1749 1750 1751
997 113 2163 297 2123 2104 279 113 1616 656
857 694 1446 1596
492 569 1296 380 1816
118 387 655 381
2164 766 382 569 1331 50 656 1193 758 2165 1813 1483
2166 1371 2167 694 2168 2096 1478 2169 1362 381 576 76 1269 1596 2170 1750 1751
118 1296 2077 1749 399 1446 1596
118 1288 2077 1749 399
713 2171 2172 2173 2174 2174 12 2175 2176 649 25 250 920 25 26 48 268 636 656
80 113 1559 2177 2178
534
380 1816 657 50 1719
144 2123 2104 1223 12 635 26 2179 534
1770 1451 1916 2180 1786 2181 972 2182 2183 436 290 1090 1 2184 334 2185 2186 2187 297 2161 74 1082
2188 1218
1853 1750 1751
2189 1750 1751
1472 2190 144 1754 12 2191
1772 492 569 1296 1446 1596
1110 1275 144 1446 1331 2192
2193 2194 1160 2195 2196 887 80 476 1764
47 286 2197 2198 2199 2200 9 1491 456 1274 148 1735 297 147 1192 2201 2202 1070 2203 2204 2205 2206 250 2207 2208 1994 246 2209 2210 299 2159 2211 1310 197 2212 1882 1099 603 1455 1126 857 767 1215 1 2213 1335 1606 2214 657 658 2215 2216 2217 2218 1749 1750 1751 1214 2123 2104 9 1190 2219
1274 492
588 1974 2220 73 25 26 2221
1598 487 488 2222
1749 1750 1751 144 113 1275 656 1125 361 567
9 197 1959 144 1110 20 279 65
655 73 1727 1224 667 656
2197 1918 1705 503 666 257 2223 186 2224 574 1398 2225 607 2226 667 18 1833 625 279 198 1240 2227 2228 2229 2230 2231 208 2232 260 71 2233 713 1838 1517 2234 191 298 1680 113 120 333 1241 1668 2034 2235 2236 2237 71 186 1918 2235 294 2238 526 2239 1222 659 503 2240 1517 331 343 129 1230 271 198 1222 2241 2034 18 675 625 2242 2243 2244 179 2245 1314 746 587 43 122 71 847 2197 2246 1850 47 634 325 326 1913 573 1172 713 2247 832 654 422 71 210 333 1241 2248 2249 666 1709 1 525 2250 1685 528 2251 2252 635 71 12 260 2253
1680 2254 2255 1697 581 1 191 2256 18
569 1296 9 2257 2160 144 2258 634 195 2259 2260 18
2261 1446 73
2262 596 71 2261 1446 73
382 387 50 2263 2264 2265
145 1296 382 492 144 1110
496 12 13 2266 25 2267
1762 113 1559 1741
2268 2269 2270 2271 73
118 1296 581 260 1749 1750 1751 144 2272
2273 2274 1853 1750 1854
1727 1224 667 269 25 268 2275 2276
329 1012 2277 534
1770 1549 1731 73 361 567
25 26 2221 448 2278
1223 1224 667 9 74 1431 144 1763 656 1749 1750 1751 1722 1723
659 655 1749 1750 1751 1223 1224 667 656 803 2279 118 668 857 492
2280 138 2281 1039 1499 2282 2283 2284 1917 2285 2286 2287 2288 1658 2289 279 517 26 2290 2291 2290 775 1396 2095 935 1917 2292 2293
2294 2295 2296 108
144 2123 2104 1223 12 635 26 2179 534
144 2297 2298 1750 1751 2299 195
1750 2275 769 51 2300 2301 1218
534 73 1774 2067 377 2302 144 2303 2304 2305 44 2306 43 25 43 567 657 658 534 113 1727 25 26 48 268 2307 2308 1741 2309 414 2310 2311 18 2312 464 107 108 50 551 1931 2313 912 617 102
656 2314 2159 2315 387 380 1816 297 2160
2 321 1457 2316 1236 113 1616 2317 2318 380 2319 1786 2094 582
2077 2320 2103 2104
1370 1397 144 1296 1762 381
486 1375 1472 1856 1727 1224 667 1157 48 44
380 1816 677
569 1296 492 1785 1786
1472 1362 1727 1224 667 1853 1750 2059 144 1596
113 2321 1203 492
1749 1750 240
2322 912 573
2323 492 1921 1948 39 659 1740 380 118 1110 1785 1786
248 260
1446 1596
103 15 551 1925 656
569 1296 1853 1750 1751
2213 1451 2324 2325 1762 2326 1749 399 382 214
1927 269 73 113 1197 2327 2328 144 2329 656
25 26 12 1991 486 487
25 48 331 2330 2331 2332
1314 2161 34 2333 659 2334 696 583 132
1472 1770 1727 1224 667 144 1596
144 1596 1472 1770 1727 1224 667 2005 44
144 1110 1472 1770 1727 1224 667 2005 44
403 2335 487 2336
1727 399 1853 1750 1751 1274 492 144 662 1815 462 323 299 103
12 581 2337 291
9 2338 440 2339 381 588 297 1740 209 678 118 1110 382 1786
382 569 857 492
380 381 281 1740 1786
207 2340 2341 492 1269 1596
486 2342 1761 2077 2343 1749 1750 1751 148 1186 1154 668 2 2344 2 2054 144 1446 1110
144 1789 12 1617
279 1750 2345 1472 1770 1269 1596 1727 1224 667 2005 44
299 2346 1274 1628 25 355 349 551 2015 1749 1750 1751 2347 671 2348 1223 2349 144 2350 656
144 1110
1853 1750 1751
1765 2351 25 26 2352
1331 2353 144 132 893 2354 758 144 1817
2355 186 1223 1224 667 2356 2123 2104 144 1288 1749 1750 1751 1795 2041 1110 2357 2358 2359 567 2360 1396 2361 2362 2363 720 1303 2364
1807 492 144 1596
2077 2365 1853 2366 1269 1596
600 377 2053 71 2054
190 360 2346 2018 2367 2019 2368 47 286 2 1967 282 1274 1163 1194
25 48 299 1853 2366
377 2369 2370 775 1061
25 26 48 1991 1749 1750 1854
1736 1738 25 26 48 268 1731 136 1739 1740 1741
647 492 1472 1362 25 26 257 144 1288
1098 492 2168 1275 1625 144 1265 492
207 809 1785 1786
1727 399 1853 1750 1274 492 144 662 1815 462 323 299 103
9 1096 769 1918 1275 569 1331 50
110 766 144 1110 1727 1224 667
330 1472 621 103
2371 2372 2005 43 44 1177 1397
2373 603 2374 2375 201 99 196 2371 2376
2377 1015 262
793 499 662 666 2378 2379 212
2371 2372 2380 488 555
282 155 198
155 198 2381
113 1239 99 196 2371 2376
2359 2382 596 74 2383 2384 283 429 389 73 885 2385 552 153 154 2386 127 781 958 2387 670 403 44 461 2388 2389 2390 260 928 2391 291 299
2392 2393 2394 1455 370 666 146 161 2395 94 505 2396 1157 2397 775 2398 1999 161
2399 2400
865 2401 1973 282 2243 2371 2402
654 422 666 161
161 1452 2403 71 635 1637 2404
625 2403 1833 623 762 2405
282 279 65
1514 113 2406 1099 694 666 2407 2408 997 2409 2371 2410 161
877 37 107 350 37 129
403 2411 65
625 2412 280 127 555 118 1264 279 198
129 2413 550 2414 2415 2416 9 2417 2418 2419 2420 263 25 48 1036 403 404 25 2421 2422
382 418 2371 161
279 1701 281 20
155 2423 2424 259 2425 2426 2403 1996 2427 2428 1996 2427 666 1094 161
427 71 2400
666 1487 2429 1131 2144 92 1957 1908 2430 2431 2432 2433 34 2434
275
1253 282 461 2371 100
2371 195
2435 118 282
2436 1 2437 344 363 140 666 1038 948 2438 2439 2190 1761 2440 212
2441 2434 2442 113 323
666 2443 73 2444 788 662 2445 2446 1048 2225 1819
2447 2372 666 2448 2449 427 71 2371 161
2450 10 44
2451 9 1958 51
2371 2452
2453 2454 2447 2371
2445 2446 1048 2225 1819
810 343 2455 2456 1606 2457 557 2458 2459 2460 2461 2462 1713
2463 325 2393 2394 1455 370 666 146 161 2395 94 505 2396 1157 2397 775 2398 1999 161
382 2464 2465 2466 2467 94 2468
2469 2372
1240 2470 1191 1192 1190 2471 2472 2473
2371 2447 195
1848 2474 129 71 363 142 403 44 107 71 2475 2476 1769 1371 2477 938 2478 1815 10 2479 2480 140 849 80 480 725
666 161
377 2481 73 2482 2483 2484
2371 212 1010 330 398
15 20
258 483 791 43 44
2485 1761 482 2486
1637 2404 2447 2371 195
2435
2487 666 34 2408
666 2488
2371 2372
1240 2470 1191 1192 2471 1190 98
121 120 100 2489 12 13 2371 2490
153 257 2491 2486 281 2492
127 128 129 1154 297 80 2493 2494 1010 1378 2495 1156 1172 1396 2496
702 666 161 2482 2150 20 195 2005 1864
2373 603 2374 2375 201 99 196 2371 2376
666 2497 2 257 2469 2372 2435 2498 2376 2499 2500 2 1317 2501 2061 555
155 198
282 1965 155 198
2371 2376
2190 2439 99 555 666 2378 2502 2371
2143 2469
2503 2504 2371 195 2505 1918 2506
2403 129 666 2454 2447 2371 195
857 282 155 198 279 65 113 323 118 282 275 283
121 120 702 491 20
47 286 853 282
281 282 155 198
666 2378 279 198 2376 212 2447 2371
1113 224 1371 2507 271 109 344 107 2508
74 2509 2510 111 2511 279 663 664 812 257 2512 88 574 2513 492 1047 2514 100 66 121 120 10 404 2515 2516 790 666 2517 360 98
2518 267
238 666 2340 829 2005 2519
2520 127 849 20
666 2438 2448
776 1187 570 666 2521 2522 2523
2524 1455 98 161 2525 299 2526 704 2527 1850 54 20 2528
2529 212 2371 2372 2530
670 2469 2372 350 29
2371 195
2463 325 2393 2394 1455 2531 666 161 2532 94 505 2396 1157 2397 775 2398 1999 161
2533
2534 418 857 282 2535 6 2536 0
1606 2537 20 666 2538 2371 2372
2371 2539
1472 998 1293 417 418
666 2540 2371 2372
2541 2542 9 132 1848 2543
2544 2371 99 1886 44 2545 2546
2547 195 476 118 2548
2549 94 71 466 997 492 323 2550 460 132 2551 596 570 154 156 1203 662 2552 2553 1154 2554 146 1133 149 533 1128 9 1338 120 765 612 1033 1921 1296 660 1457 458 1368 2555 2556 596
666 2557 44 250 2445 71 2558 120
1606 20 920 476
666 487 625 2403 2559 2560
626 853 118 282
2561 2403 482 198 666 2562 2371 195
382 2391 2371 2563
2431
666 305 34 179 625 2403 1996 2564
281 596 20 912
2452 2565 2371 2376
2371 195
2371 195
480 424 161 2403 479 2566
121 120 712 755 2567 1363 596 2371 2568
2403 1996 2428 1943
99 196 2371 2376
476
2569 2570 2571 2572
2573 1675 1015 2574 2575 2576 1680 663 356 2577 2578 2420 74 2579 2580 2581 2582 2402 670 829 291 1909 5 2583 2584 456 1015 2585 2574 486 111 1041 2017 2586 2587 161 461 665 1015 2588 129 363 9 2589 1143 73 2590 2591 2577 461 141 142 2592 928
666 2448 626 2469 76 505
784 697 631 2593 2594
2452 2565 2371 2376
2371 2372 279 65 20
1240 809 712 322
2595 2371 1347 2596
403 44 20
666 2597
127 128 2598 724 906 2438 666 2443 2599 2600 958 807 129 2413 550
666 2601
666 2378 482 2602 65
666 2443 279 65
2603 2604 0 212
460 2605 2606 2607 1455 2608 120 981 2609 666 2378
2610 702 666 2611
1606 20
670 195 2371 2376
282 1451
207 20
382 2391 2371 2563
666 161
361 2508 347
113 120 282 155 198
2038 2612 666 2378 155 65
2613 242 44 2614 2615 424 2616 567 2617 2618 192 197 198 122 360 574 732 89 655 883 44 179 0 424
1637 2619 43 1003 666 257
281 282 197 198 666 667 460 2620 2621
281 2622 282 155 198
832 833 65 2 2623 30 877 2624 94 634 2625 161
2626 2359 350 2627 2628 0 0
2629
118 1807 2630 716 1877 2631 724 501 12 635 2632 2633 298 770 343 2634 1240 2635 2636 2637 2638 2639 2640 1713
829 403 107 282
2641 668
666 2443 2642
625 2403 1996 2643
2371 2372
155 198 1174 662 1133 404
279 198
2438 2644 128 132 2645 570
488 282 321 1284 1338 1131 912 666 2646 2371 195
666 257 704 2647 836 668 2648 586
1606 282 279 65
626 1699 118 282
2649 2650 78 2651 269 519 2652 2653 2654 2655 1321 2308 2656 1423 2657 192 144 2218 2658 2659 9 18 68 69 2376 2660 2661 2308 1274 492 2655 2662 2663 2657 269
2664 2665
25 821
2665 1502 549 2666
246 299 2667 1907 74 2668 2669 2670 2671 2672 1265 2673 995
2588 1501 2674 1321 1378 2675
1385 9 2676 2677 2678
2 2665 2679 2680 201 113 2506 2681 2675 1502 549
1378 2682 1044
2683 1039 66 12 2684 21 2685 2686 549 1323 995 253
1274 1288 492 2687 2688 153 1378 2689
1685 651 2690 73 2691 962 335 25 821
23 927 2692 2693 2688 549 769 1061 2694 995
74 1321
1321 2695
2696 2697 2698 554 2699 2700 2701 253 2702 253 2703 2704 25 821 1265 253
649 372 1629 2705 2706 2707 2708 2709 2710
1685 651 2711 2 522 2 12 522 2712 654 2699 2713 2714 253 334 760 2703 2715 9 2695
1662 253 1347 2716 2717 2718 1502 549
2719 2720 2721 1321 2722 2723 2724 73 2725 2726 2727 2728 2729 2730 1321 2731 2732 201 979 1192 587 2733 2734 279 1750 1692 1446 2735 1096 1192 1236 146 2736 1596 200 1598 2236 2737 755 2738 1257 2739 2740 2741 2742 2094 2743 18 398 1310
1128 2744 1321 2745
2746 66 12 430
1502 2747 1378 549 74 928 2748 549
1695 298 2749 777 2750 2751 1996 623 1943 625 2752 1859 848 2753 549
587 1499 1378 549 1321 74 928
2754
2755
1200 2 201 2699 2700 2756 2695 25 821
25 2757 25 821
2695
549
25 109 146 436 290 108 25 48 21 291 88
1875 1202 2683 1039 549 1502 2758 971 2759 2760 2761 2762 2763 74 2764
1502 1378 805 549
2765 960 1374 2766 2767 2768 2769 138 2770 43 2771 2772 697 2773
298 2774 71 821 440 2657 2656 71 2775 1209 2776 2756 2777 252 297 147 240 122 88
74 2778
2779 2780 2781 2782
549
2783 2784 2785 2786 651 2786
549
716 192 73 113 2105 118 1716 2787
2788
197 1864 2789
2790 2791 2792 2793 2794 2795 2750 2796 2797 549 2494 1010 2798 807 74 2799 587
1329 2800 2801 73 2802 2803 74 193 66 12 2684 1378 2714
21 2804 2805 1862 2683 1039 1324 1323 995
74 1378 2806 1499
25 821
2807 1603 2808 892
2809 1378 2810 1039 2811
129 1347 553 73 2 2786 2 2812
25 821
297 147 2813 2814 415 25 821 2815 821 9 74 2816 1018 1433
9 246 1209 492 2802 2780 916 1323 2788 74 2817 549 1502
2818 2727 74 2699 2700 2819 2820 2788 179 12 1528 2821 44 2822 1502 34 2823 74 2824 995 253
1321 2825 2826
549 2827 1502 1018 784 697 2773
193 2791 2783 201 649 2828 132 2829 979 1378 2827
2830 2210 25 2831 74 1892 2832 2833 9 1423 2834 334 2835 2 2828 2701 2818 2713
74 1378 2665 9 2836 1039
21 781
2837 12 2684
331 2838 651 2839 1321
2840
2755
74 2841
1920 12 2842 9 1289 1378 772 756 2843 146 2844 1835 2845 2846 2847 1274 2848 2849 2850 2747 2851 2852 2853 2854 2855 1501 1039 2810 1039 1502 74 1312
2856 2857 179 2858 2859 2860 2752 2861 138
2862 297
1978 2863 2864 1378
2865
154 1332
397 623 1832 697 12 2866 34 2867 654 2868 2869 2870 2 331 2688 2871
193 267
2672 1265 9 74 2872 2760 2873 1018 1323 1039 2874 2875 2823 549 1502
2876 2877 2878
2879 201 1018
2880 2881 327 2882 371 132 2755 1039 583
2883 43 2884
25 821 2695 2755 805 1321
1978 74 2885 567 2886 122 911 2755 334
1265 2871 25 821
25 821
2887 9 2664 1321
1321 2695
2888 2683 2714 2889
2821 127 154 2788 769 1039 253 2890 372 1323 587 549 1502
2788 1323 587 549 1502
2788 769 1039 2693 23 2891 1323 587 2892 1502
66 12 2866 2893 2894 66 2236 2895 336 298 2896 2897 1106 1067 34 2898 2899 710 2797 1039 2900 71 2901 720 1396 477 241 1455
9 1289 25 1321 2902 963 2691 962
2755 1002 2885
800 2903 73 2904 1662 299 9 153 2905
2906 2786 651 2786 784 1395 2755
2907 2908 2909 2910
2829 1499 549
2911 2912 549 2665
2 21 2913 2 2914 2 44 25 2915 2 25 587 9 1999 2916
9 74 2778
2917 2918
1501 2588 2674 1321 1378 2675
2919 2849 2920 2921 74 2816 1378 1044 2922 2923 1323 587 2675 1378
1910 12 492 73 2924 654 1321 2925
66 12 2684 1329 2800 2802 2803 2714 1378
2489 403 567 2926 150 151 1461
2927 2928 2929
2701
1274 492 146 1433 2665 2905 1323 995 2889 1502 549 25 821 805 1378
1378 2930
2931
2932 2034
2676
1296 154 253 2933
193 2791
635 203 195
2934 2780 2935 2936 2937 2938 1378 1502 549 2809 150 151 740
1734 564 2939 12 1819 2940 2941 637 2942
2703
25 821
336 299 1383 440
203 2793 2943 100 2944 2490
2945 2946 1591 2947 1709 1257 649 2948 2949 2945 2950 1591 2951 129 43 2470 2945 2952 1591 250 2953 2954 574 201 2945 567 1591 574 2955 1436 2956 2945 82 1591 82 120 2957 129 574 2198 2945 1854 1591 1051 2958 1240 2198 574 494 2945 1859 1591 2959 462 1302 1161 1859 848 1172 574 2960 2961 1591
2962 2963 712 2766 2964 2 1909 2391 829 111 330 398 2840 2965 440
2966 1337 294 2967 557 2968 1242 596 570
2969 2970 71 201 1809 2971 2972 716
2447 2372 1339 50 138 2973 761 1909 203
132 1909 1380
43 2974 66 2975
165 523 100 2976 2977 1970 583 2154 950 2978 395 2979 2980 2981 1212
2982 2983 402 2914 2984 294 1325 2985 559 163 25 35 1 215 17 299
665 911 1350 299 2986 361 76 766 2628 2342
2485 73 1339 50 138 2973 2987 71 2988 437 253
425 71 742 2989 2990 1 279 65 2991 395
9 2985 2992 2993 121 120 21 441
2 690 39 2994 462
1909 66 2995 2996 142
486 2997 1538 519 635 179 1910
2 2821 127 2998 2999 3000 3001 201 1342 334 2964 71 44 666 1153 1342 732 3002 979 253 2 1284 2953 156 3003 708 179 3004 3005 50 3006 666 3007 2598 3002 3008 979 2762 2891 713 3009 1333 260 3010 634 635 666 3011 44 3012 3013 2 3014 3015 2 127 2 250 1338 1944 3001 201 3016 1342 3017 3018 3002 979 179 775 2034
209 2752 71 47 2752 3019 1691 3020 3021 666 1487 398 2 492 3022 3023 1 374 928 111
118 1034 204 120 102 103 21 3024
3025 668 3026 3027 39 40 3028 2016 681 1462 1265 39 118 668
562 564 2632 1380
204 120 203 142
3029 3030 1909 1380
2244 1272 3031 1886 3032 195
713 3033 3034 144 1859 570 1168 3035 82 1591 3036 2953 1170 3037 3038 240 3039 12 3040 3041 3042 971 260 607 2236 3043 124 377 607 71 608
1899 3044 2840 40 462
1510 3045 3046 189 1890 39 40 690
39 689
9 129 363 3047 66 195 394
488 3048 281 670 21 1638 142
377 1823 3049 111 3050
2005 201
617 1 3051 1296 104 461 1317 246 414 560 1393 965
3052 461 2576
129 203 1909 195 570 938 12 13
3053 3054 3055
3056 71 3057 3058 1927 1212 1918 2096 1883 231 9 1884 318 3059 2 3060
547 120 612 3061 3029 3030 110 78 142 1886 2150
1425 257 3062
3063 702 120 765 118 12 13 21 3064
562 3065 1 3066 1339 50 138 2973 510 3067 3068 437 253
3069 3070 3071 3072 604 138 2655 3073 3074 267
39 3075 195
129 43 128 132 107 43 25 355
1339 50 138 2973 456 1303 3076 394 180 958 3077 914
1339 50 138 2973 1380 203 39 437
377 3078 662 2 2632 461 3079 3080 3081 570 3082 3083 18
2016 279 65 190 9 192 1 803 1487 2279 132 3084 716
2 210 2 109 144 603 71 522 666 257 3085 18 397 623 1832 3086
3047 2017 21 66 142
1921 1264 144 298 761 588 129 363 195
3087 3088 120 462 3089 1909 203 3090 1638 12 131
377 2481 73 3091 3092 3093 3094 350 3095 142
2387 71 775 461 2308 3096 3097 3098 3099 3100 560 3101 3102 3103 3104
39 40 690
3105
111
377 3106 3079 2 2259 144 3107 1004 65 323 462 2503 71 343 166 3108 18
2 210 2 109 776 43 586 682 3109 118 603 666 257 1347 397 623 1832 625 1943 623 675 625 389 18 460 3110
78 3111 201 3111 3112 34 3113 111 986 3114
2124 21 3115 440
761 3116 195
2514 195 761 392
636 110 78 142 983 765 1886 2150
2017 195 761 3117
2983 132 2017 3118 1909 203
127 128 129 132 1024
3119 195 761 3120 138
1918 3121 772 201 460 395 3122 3123 201 132 3124
2182 118 2258 2681 567 41
121 120 39 394
120 3030 3004 141 2372 914 3125
21 2632 3126
382 998 63 330 2605 2645 550 132 39
9 1432 195 761 3117
488 3048 281 670 1638 142
3127 3128 3129 3130 73 2404 203 625 2412 102 371 2243 18 1660
1909 3131 146 21 1638 142
3131 146 21 1638 142
21 3132 142 195
486 3133 666 3134 2240 2034 2243 3135 2240 880 2160 3136 260 18 2240 138 1393 2364
3137 631 3138
20 3139 73 519 635 463
118 767 39 3140 659
100 113 120 2145 2146 1328 3141 1141 1049
3142 3143 129 3144 3145 3146 21 3064
21 203 142 34 3146
141 142 74 1212 1024 3147 462 132 39 3148 3149
441 195 21 392
670 911 21 141 142
203 1380 3150 440 1638 141 142
132 2017 195
1606 82
702 788 132 362 129 3095
21 394 195
1909 195 570 938 12 13
39 1909 1380
502 2 74 281 555 3151 2221 487 144 1441 3152 107 1786 3153 240 3154 3155 372 2187 2445 3156 567 21 436 290
2988 12 1473 612 3157 21 3158 3159
2 39 40 690 3160 567 3161 3162 3163 2 298 3164 523 2308 567 3165 2267 1491
3166 64 511 3167 3168 1374 43 689 21 3169 3170
2017 195 2 1603 727 3171 761 588 186 3172
488 3048 281 670 21 1638 142
1638 12 131 2 2404 2488 392 2514
118 409 121 120 110 3173 1363 596
2 1987 3174 2 371 3175 2982 2976 1094 1918 2506 660 492 1339 50 138 2973 2447 2372 127 3067 3068 2 127 2 3176 3177 142 1638 3040 21 1393 12 13 583 132
39 3178 203
761 3117 753
323 12 3179 110 78 142 1363 2150
1909 203 570 938 12 13
3180 662 1859 570 343 2634 3181 82 142 71 210
204 120 118 12 13 3064 267
3182 3183 3184 323 12 3179 142 3185 3186 3029 142
3187 201 1393 12 131 562 298 1380 111
1927 1668 3188 666 257 71 3189 3190 675 625
1339 50 138 1599 74 3191 142
3192 3193 3194
461 2420 3195 3196 1131 1326 1212
496 2514 3197 3198 1015 403 403 567
1591
1113 1622 3199 166
2 144 3200 343 3201 326 1230 121 120 743 3202 3203 25 48 88 3204 260 1 1564 3205 2777 1628 3206 3207 3208 2998 932 3209 3210 3211 3212 3213 3176 3214 3215 3216 2662 3217
3218 2976
3219 3220 3221 3222 3105
3223 743 720 3224 2 271 483 3225 567 41 1479 488 1131 912 713 3226 211 3227 3228 705 3229 1877 330 398 3230 3172 1950 107 3231 1695 37 1342 3232 191 298 3233 567 210 3234 3235 492 497 41 1326 12 13 3236 557 1479 3237 3238 807 720 722 3239
3240 294 3241
2150 1633 1363 212
34 3220 3242 3243 363
2632 3244 3245 347 3246 2632
461 2632 3247 3248 1472 119 555 299 248 1 260 120 3249 3250 3251
461 111
3252 201 3253 3254 1880 3255 1809 3256 2503 2650 78 3257 71 78
103 3258 210 3042 3259 209 3260 326 200 3261 298 651 1246 1833 623 762 625 2243 18 12 2240 3262
3263 911 207 295 1009 1010
3264 3265 3266 3267 621
21 3268 111 204 120 231 322 21 3132 142
82 1591 111 1892 461
47 3269 73 2 298 3270 3271 2973 3272 166
2 210 2 109 144 603 71 522 666 257 397 623 1832 3086 3085 18
3273 153 3274 3275 1339 50 138 2973 3276 78 1844
2017 195 761 3277
132 362 129
204 120 666 1176 103 279 65 21 3024
20 12 1473 942 3278 288 192 3279 375 929 463
3280 41 1163 3281 310
1199 677 39 681 462
2752 203 3282 3283 3284 1049
1472 3285 234 839 1211 694 80 557 2537 103 1613 113 3286 1202 1485 1763 3287 3288 461 1909 710 422 667 588 3289 43 634 581 617 1 2341 1422 551 3290 757 758 144 1296 492 1354 1265 1302 1152 1450
3291 3292 118 12 1617 3256 1809 2503 71 201 720 1622 3293
21 3029 142
2966 195 39 392
113 120 792 2391 21 3105 195
121 120 110 2150
461 25 26 3102 2985 132 1848 2543 2437 3294 2598 949 583 948 885 195 1708 409 2673 3236 2154 1425 1576 3295 3148 3296 3297 3298 2067 588 3299 288 3300 3301 21 436 290 3302 275 2145 361 34 3303 488 3304 231 1284 1172 88 89 0 1 3305 3306 3307 142 659 656 594 2338 2701 1044 2681 18
554 195 9 132 772 12 13 132 3308 631 3138
1844 1909 21 914 376
584 362 129 146 583 1113 663 2578
111 3309 365 3310 498 515 3311
2017 140 3312 195 2262 43 44
666 487
1253 2403 2145 2146 755 3141 1141 1205
1983 699 466 666 2295 486 3313 2462 3314 21 18 1347 3315 623 3316 625 3317
1688 1147
12 3318 3319 377 3320 142 2372 2752 203 73 2632 195 666 257 1668 2034 1943 623 675 3321 397 623 1832 625
775 678 363 3322 3323
1023 2391 21 55
111 330 398 2 3324 72 1 3325 21 3326 702
2632 203 3327 347
3091 646 363
3328 3329 451 554 2632 2752 203 3085 18 622 623 624 625
1339 50 138 2973 3330 3331 142 562 962
3332 212 71 43 3333 298 3334 1274 1264 271 3335 3336 1539 3337 201 3338 3339 3340 803 1487 1423 555 716 0 740
66 3341 3342 834 103 44 1342 3343 374 260 1 2136 1038 127 128 129
1909 1380 3344 76 132 3345 298 3346
3347 3348 73 63 3349 418 3350 3351 3352 2236 3353 1374 3354
3355 3356 570 3357 209 3358
205 111 1969 3359 2503 3360 3361 3362 450 550
665
2371 3363 3364 3365 279 3366 120 3367 66 2236 2391 3368 1528 666 3369 3370 3371 3372 1880 129 34 3373 3374 627 132 3375 1558
743 2557 3019 3376 138 3377 50 291 3378 666 3379 142 127 2 3330 3380 377 607 742 3024 3381
3382 3383 3384 1339 50 138 2973 39 437
3385 127 1697 374 2752 78 3386 291
2235 621 392
144 570 1339 50 138 2973 1909 3387 39 3388
71 775 65 392 3389 3390 2 12 3391 2 3392 3393 134 3394 3395 848
3396 141 142 189 234 3397 1393 3398
111 66 195 1212 2 314 3399 10 376
3400 596 3401 567 39 40 12 1819
3402 1634 1099 188 1880 1633 1380 118 12 1617 3256 1809 3403 2650 78
204 439 21 394
66 394 195
921 743 1850 271 483 291 12 260 111 2 437
377 3404 3405 3406 144 570 3407 1909
113 120 792 2391 21 3105 195
3408 360 3409 156 1218 1040
666 667 761 1909
3410 3411 113 3412 144 1968 120 1417 2 2632 2650 78 113 1275 3413 1485 1331 201 3414 3415 819 231 1284 1884 318 3416 3237 1606 201 2061 3417
696 1638 18 138 74 437
374 461 43 3418
3419 44 3420 468 1668 3180
21 394
129 203 18 371 142
282 279 65 21 3105
204 120 596 54 909 21 66 394 195
282 279 65 21 3105
3421 39 596 54
281 555 21 1638 142 195
121 120 2655 1909 281 2381 1009 1010
113 120 455 1909 21 1638 12 131
327 3422
3423 2756 9 1921 3424 282 2503 573 377 1517 18 144 1859 570 588 3425 129 613 722 3426 761 3427
761 3117 753
2 129 3428 613 722 3429 3427 761
2 65 392 441 3430 392 1466 402
1339 50 138 2973 510 2983
3431 3432 71 3433 3099 3405 71 482 1847 3434 3435 21 3436
282 279 65 3105
775 678 3437 3438 12 3439
775 3440 201 330 3441
323 440 1909 3029 1363 212
3036 2953 195 1211 2513
486 320 2976 10 2135
2017 34 3242 3220 3442
3443 3444 889 462 1567 3425 927 3445 982
3446 363
40 690 39 3447 3448 462
3449 3450 377 3451 3452 482 3453 654 422 2267 1926 3454 3455 3456 19 3457 3458 3459 3460 3247 3461
3385 1850 422 279 1698 2 3462 1 927 3463 2 3464 3465 2 2697 358 3247 3461 3458
2567 574 3466 3467 761 3468 1025
490 2988 195 3469 305 3470 3469 3471 3472 3473 3474 3475 748 3476 2 3477 3159 3478 3479 3480 3477 3481 161 3260 3482 2241 179 3483 3096 3484 3485 161 479 3486
121 120 110 3487 791 496 282 1009 1010
1242 43 1383 440 1393 717 18 138
377 3488 570 3489 3490
377 2171 1519 486 2259 3491 627 20 3492 3493
761 1909 1380
121 120 3494 3495 3496 18
533 567 805 1128
666 3497 73 6 3498 94 3499 2461 720 1222 1438 1338 3500
203 2387
190 195
113 1877 3501 3502 153 245 88 153 1068 1069 25 26 3503 657 12 2056 153 3504 118 1442 972 209 1308 21 436 290 1972 2290 1362 659 381
3505 3506 374 488 3507
9 574 2802 2816 1378 805 2764
3508 3509 2086 40 124 492 179 51 1459 141 142 2 498 3459 808 3510 659 3511 74 192 1 132 39 3512
3513 87 3042 3514 1131 1377 21 1038 298 704 3061 2 2016 2 3515 132 39 3516 99 196 201 1390 3517 3518 2 1383 440 1660 47 486
1978 3519 3520 44
2 3521 73 3522 3523
3524 678 2023 3525 3526 479 761 314 18
66 12 2866
696 697 631 564
515 18 249 12 3527 3528
3529 3161 1464 3530 3160 3531 1406 720 3532 2490 2 3533 1926 2 3533 1285 3534 3535 71 3536 2112 3537 3538 3539 2034 331 374 71 3540 298 191
266 267 1177 330 398
3330 437 3541 492 3542 755 2977 1970 3543 3544
3545 2371 73 3546 3547 3548 34 3549 927 3550 3551
666 905 1215 857 789 3552 634 635 3553 3553 3554 3554 3520 44 3555 3556 3557 706 499 1890 1302 2122 1338 179 3073 649 3469 2122 533 3558
3258 3559 323 3560 3561 3562 625 3563 3564 1066 634 635 3565 3566 44 3567 3568 3569 3570 1880 20 503 1567 3571 3571 47 865 3545 2371 1 299 3572 3573 3574 1094 3557 706 3575 3573 3576
2 3577 3058 3522 3523 3578 82
3579 3580 2142 88 161 25 448 401 2914
2590
3566 2122 3581 179 3073 666 905 1215 857 2031 1264 113 971 65 3552 634 635 3582 3583 3520 44 3555 3556 104 3584 2973 2807 499
3585 3586 3073 1067 625 3073
3585 3586 3073 1067 625 3073
3585 3586 3073 1067 625 3073
111 2985 665 299 1 260
2122 1450 299 298
132 631 632 290 21 3587 3588 2681 18 1044 1043 1133 297 533 567 3123 492 1425 487 3105 3176 3094 18
3589 3590
2495 3073 769 3591 3592 20 1143 2469
499 1890 3593 3594 3575 298 3595 240 250 1302 2122 1450
1688 3596
377 607 3597 190 3598 3523 3522
39 3599 3600 3601 2 2623
2510
298 1371 1177 330 398
298 852 1177 3602 1371
3603 246 3604 3605 102
1433 74 2778 3421 127 128 129 583 948 2438 147 148 3123 492 1720 544 297 2154 394 180 144 1126 1722 1723 245 88 3606 1274 492
147 148 1720 299 2154 3162 2136 2150 111 3421 362 129 583 948 321 2981 1625 2341 492 499 3607
146 21 2671 9 1140 3073 3608 462 73 3609
2904 769 74 3610 3611 3612 1567 153 201 1383 1043 3613 3614 3148 2489 12 13 419 453 99 3615 3616 2681 18 3617 1425 363 3618 488 3619 1500 1289 593 279 663 664 403 567 3620
3621 3622
3623 3073
3324 3624
118 1859 570 461 65 847
120 3000 3625 3626 374 3627 3505 3506 350 3628
288 18 2932 3629
533 567 168 201 3630 3062 3631 139 1128 612 3224 488 1131 912 3159 665 88 263 395 141 142 2889 3632 2665 3633 3634 267 3635 2865 1321 1322 9 3636 805 492 132 363 1035 583 3295 857 3637 144 1288 74 246 1209
3022 492 1215 668 144 1859 570 3522 3523
10 3638 25 3639
2 1685 82 1685 44 670 299 298 191
18
3640 3641 2236 12 570 720 2953 3642 3643 138 720 1202 3642 2953 3644 570 82 1603 129 892 374 499 3645 298 3646 3647 3648 3649 179 3073
1695 250 3650 73
1880 1983 588 1974 1048 2025 299 3651 3505 3652 25 3653
298 3654 2292 550 1393 12 13
3655 2118
2927 3656 298 3657 3658 596 3659 350 1908 2121 2122
298 3660 68 3661 3662 3663 1222 1152 2121 1908 2122
1177 330 398
3664 191 298
713 3665 3666 971 2601 3667 2752 1695 3668 3669 2 3670 3671 1695 3545 3672 3673 382 1296 299 3674 2 298 1476 2 44 2906 71 82 2 3675 71 44
945 3676 1148 12 3677 2976 395 3678 3679 3637 271 2143 3680 45 670 2469 299 665 3681 2316 3682 3683 997 213 3668 625 3684 2 3685 3686 2 298 3687 2 3578 82 2 3520 44 560 3688 414 10 314 249 241 3689
3690 3691 267
2672 298 3692 3386
99 395 392 2982 394 17 88 3693 1914 3694
3695 1987 3696 240 43 113 3697 3698 1914 18
3699 402 298 3700 3701 3702 3703 1356 146 3704 1803 17 1354 1355
3705 3706 3707 775 2034 3708 3562 563 3709 1178 3566 3365 3681 634 635 82 3710 3683 366 3711 298 191
414 120
300 1914 1000 18
3712 3713 132 772 3714 269 1128 18 1383 440 3715
784 298
555 118 12 13 298 3716 189 3717 132 1910 3718
88 25 848 102 2243 18 2081 3586
74 3719 180 215 1213 48 3720 168 492 18 2916
3721 1265 3722 147
519 635 463 1116 3641 3723 1386 857 767 3724 1 260 377 378 300 402 3725 3726 3727 302 3728 2 3728 3034 3729 3730 6 3731 3732 997 857 789 248 299 260 1 252 297 147 240
598 2672 299 3324 25 3733 461 2230 25 3734 3735 3736
118 767 659 18
3737
461 462 323
118 3738 3739 122 360 382 3740 0
3741 557 3742 1266 570
791 48 912 298 3743 120 761 189
34 246 2914 2159 298 3744 3745 350 3746 804 34 3747
666 2557 144 2132 3748 539 3424 3749 1700 3750 2107 382 102 3751 1996 623 1943 625
102 856 73 68 3752 403 3753 18 675 623 397 625
920 2306 71 486 3754 596 938 48 487 1009 1010
3755 789 3756 65 18 1832 625
2379 596 71 499
2953 196 486 124 144 850
1425 487 3757 2482 146 3758 1094 3759 389 3760 3761 1140 1141 3762 3763 3149 1050 1142 3764 3765 594 3766 1539 1557 1704 1177 1397 3767 635 12 260 573 189 2632 2122 659 1425 667 47 326 100 454 1521 668
3768 3769 100 25 35
461 111 20 347 1094 2 191 298 642 18 3770 44 260 1931 1549 1917 3494 2015
258 853 3771 3772 2494 371 41
191 298 938 3757 294 18 3773 3774
486 1709 666 127 279 65 853 102 21 18
374 422 1339 3775 2267 2272 3776 3777 1479 654 422 2267 1908 3778 3278
2 3498 2 1680 3779 215 339 233 621 88 45 17 3780 902 264 260 194 520 283 2 49 1714 2 666 257 2497 2 1013 2 210 2 109 377 2171 3407 1
377 378 248 1 260 3781 3782 3407 3783 1607 246 300 18 252
3784 3785 297 3786 3787 3788 1522 3789 3790 3791 522
665 20 3792 2916
1472 12 3793 3794 23 2065 179 502 1606 80 3795 570
425 291 260 306 3796 398 1310 3797 138
3791 201
670 45 25 1014 3798 25 44 71 49
702 666 127 2491 65 382 102 791 284 275 276
461 25 26 297 548 1859
3799 3800 148 1147
1 73 260 761 18
663 664 665 25 3580 1977
68 1148 2903 73 3801 323 461 195 761 3802
39 298
3431 3803 3260 25 3804 161 326 3805 3806 3807 3808 3809 3810 2945 1002 25 2 517 3811 464 107 108 50 1931 2313 912 71 617 102 2307 2567 1741 136 3812 426 414 2310 3813 2018 299 2015 958 270
755 20 1352 250 1339 120 414
3814 574 3815 3816 665 461 120 3817 144 1807 2447 3818 298 130 487 754 560 3421 3819 623 3820 3821 398
3822 3823 659 1111 2034
305 43 12 3034 302 3824 1 260 1202 1136 662 18 3557
9 300 399 1178 248 377 378 102 617 369 740 246
3783 2256 2122 1450 260 1 3825 3085
1096 769 51 3826 2122 3827 201
3828 323 971 343 25 3073
612 362 127 3829 3830 3831 3832 146 553 1455 2212 1882 3505 3506 1177 1397 25 3073
18 88
248 3770 44 163 43 25 748 3833 246 88 39 550
1215 492 1003 1368 3834
617 102 252 246 39 363 269
2122 3835 2466 2256 71 44 1772 767 361 1096 1178 761 18
486 257 3836 3837 3838 3839 18
670 209 2403 155 198 18 1832 625
3840 3841 666 1176 2 486 3842 3843 1298 3844 2 3845 113 120 2 887 3846 3847 100 494 80 3848 3849 3850 3851 2 372 2 1798 2137 2 138 2 1285 2 1926 2743 3852 1390 2495 1156 570 1156 2385 3853 1314 3854 201 576 76 3800
555 45 2 209 343 71 2023 3855 44
3856 3223 88 71 1254 201 3857 3858 242 21 436 290 3859 2034 997 3860 569 3861 1637 1504 1988 914 3862 833 1004 257 3863 777 1455 2212 3864 551 552 1373 766 1769 12 1473 3865 1105 336 80 75 3866 3360 350 9 3867 3868 3869 3870 3871 3872 2013 3873 2 924 3874 179 88 422 3385 127 1880 3875 3876 80 3877 200 492 526 3878 2477 3418
3879 3880 44 245 35 134 422 2267 1908 3881 670
498 554 73
246 25 1355 3882 1152 73
3883
3884 44 477 1199 18 3769
983 3885 206 0 140
382 603 201 1272 1273 118 659 18
3886 347 3866 775 44 3887 12 1481 2445 3888 2519 628 344 195 3889 44
670 912 226 2809
3310 16 3890 122 71 3891 3892 3893 3894 567 3469 2272 3895 43 3896
628 344 195 18 138 1393 3897
3898 240 3899 1355 1053 118 3900 3901 163 215 492 581 382 102 3902 3769 1393 965 1096 398 1310 1914 300 18
1148 3903 39 681 3904
248 3902 377 378 1 260 3905 3906 1415
887 662 1099 3033 1490 1890 3738 248 3770 12 3907 291 17 18
673 3908 3699 3909 2212 215 3910 2809 3911 1240 282 3236 567 1877 191 294 494 454 1154 297
1230 3912 209 1974 544 297
3913
3914 627
3915 39 75
178 942 651 3916 3917 671 280 3918 510 291 1812
3919 3920
634 2023 857 492 39 0
1257 3921 34 3922 3923 3924 3925 980 3926 3927 209 1974 1692 1328 1890 2552 677 3580 1977 1606 3928 3929 3930 1246 3931 3932 2809 1246 363 161 645 1246 363 161 3933 1246 363 161 132 3934 1246 363 161 9 2843 3935 1464 1120 2015
3936 1464 3937 71 1850 1606 988 3938 753 2433 971 87 2249
461 279 65 3939 102 149 148
3940 1154 1226 617 102 250 153 1067 3941 44 3942
260 3943 2122 246 3944
248 2256 607 12 3945
3498 20 3946 65 1478 2255 260 1 2122 649 1908 2121 18 675 623 397 625
3947 106 9 18 3948 534 3680 1519 3949 2 269 3950 377 2680 218 100 118 2258 281 20 2681 18
298 3951 3952 775 2466 155 3953 1009 1010
118 102 3755 1264 3756 65 18 1832 625
354 44 3954 3955 3956
3957 3958 1752 50 1215 492 3959
3960 13 743 3176 120 2601 260 1 3961 201 3962 3208 3963 3964 3965 927 3966 3215 2 3967 902 250 251 3216 2662 253
1215 305 522 3085 18
377 3968 3969 1067 43 260 1600 1628 612 3970 3971 246 761 3972 192
1528 3674 3771 3772 1027
99 395
647 767 298 12 3845 477 250 294 18 397 625
3042 271 483 333 1704 574 494 3136 366 260 3973 44
626 829 810 3974 113 120 574 822 1203 767 617 102 3975 148
279 65 20 3976 856 18 3977 129 138
43 476 1213 466 2 479 3978 142 3976 3278 73 2 331 129 179 457 3881 73 3979 3980 3981 832 3982 3749 767 3983 2034
207 295 588 107 567
118 857 3984 3985 15 39 18
1253 271 3791 522 3986 1436 3845 699 298 0 3987 479 138
2122 3988 377 378 3989 761 18
425 3729 1850 3990 510 1697 3991 2649 3992 3993 3994 43 3995 3996 73
1907 769 2982 437 127 128 129 3997 201 1606 688 74 1396 18
3998 666 905 486 198 155 156 153 154 385 2991
155 156 3943
2100 658 706 102 18 2058 43 25
377 607 3999 2346 2019 999 4000 4001
3287 3288 4002 1875 156 198 4003 144 570 2535 2 44 3237 755 3956
4004 519 4005 1039 1499 4006 670 122 177 176
118 767 321 496 18
382 282 761 18
113 1239 1884 4007 522 275 276
425 3960 1487 374 3166 2546 1927 4008 4009
4010 1489 1475 555 3287 3288 118 522 189 665 761 3802
1567 552 39 17
4011 65 4012 118 767 761 1833 623 762 631
1699 279 65 857 767 1280 4013 18 397 625
902 4014 250 4015 3960 13 743 3176 120 2601 260 1 3962 3208 3961 201 3963 3964 3965 3176 3214 3215 2 3967 3216 253
2733 4016 4017 635 4018 298 4019 1596 2341 257 825 1947 4020 4021 4022 376
2733 4016 4017 635 4018 298 4019 1596 2341 257 825 1947 4020 4021 4022 376
4023 4024
4025 4026 4027 4028 4029 34 1590 1950 628 4030 522 314 461 3076 4031
3462 1 100 1358 4032 1549 4033 4034 4035 4036 1
983 189 47 323 382 767
462 4037 1425 1487 101 260 102
4038 73 331 4039 3385 4040 102 3749 789 101 938
3960 13 743 3176 120 2601 260 1 3961 201 3962 3208 3216 2662 253
4041 2655 1850 113 120 4042 1205 50 1704 1230 857 767 102 16 1833 625
486 487 102 16 260
666 487 16 260 102
398 1310 4043 1996 623 1943 625 102 555 479 1996 625
1478 4044 102 617 16 1943 625
118 491 4045 4046 18 659
666 4047 18 762 625 2243
1880 1591 1035 1632 200 201 1314 298 4048 4049
617 102 294 25 48 16 397 625
21 4050 666 1176 279 628 144 2132 539 3424 3749 1700 3750 382 102 479 1996 625
260 102 18 1996 625
1230 978 4051 1350 4052 4053 4054 4055 50 269 4056 4057 4058 4053
4059 2279 20 298 791 567 25
9 1999 2236 3459 1771 25 3042 294 161 25
4060 361 1350 335 3814 665 461 144 1807 2447 298 2147 487 754 560 3137 3819 623 3820 3821
3195 215
6 198 634 2023 2489 2991
1472 4061 4062 722 258 103 1967 75
4063 4064 4065 4066 398 2 4067 4068 4069 596 4070 4071 4072 4073 245 4074 840 4075 374 483 207 555 260 1 3192 4076 18
655 381 9 4077 4078 659 850 581 107 4079 1154 4080 775 297 4081 4082 3140
1606 1451 2243 573 1519 39 2381
99 226 2243 894 209 678 39 2381
20 73 2 4083 4084 927 43 999 4085 4086 2004 1127 350 1450 4087 4088 769 950 4089 2007
71 1918 2506 4090 4091 4092 246 4093 4094 71 299 4095 4096 4097 4098 4099 4100 113 4101 544 314 1303 3398
634 195 1270 522 39 0
4102 4065 4103 3728 3678 4104 50 1921 492 18 44 477 4105
1455 4106 2373 662 103 2237 569 857 201 3237 4107 4108 132 893 3713
258 108 39 659 1
853 279 65 4109 4110
3741 567 462 107 1266 570 4111
323 462 9 1680 153 287 156
298 1918 4112 1009 1010
118 3901 3578 82 1289 2914
857 201 2461 250 251
4113 607 50 1161 833 1004 257 788 294 201
4113 607 50 833 1004 257 323 765 294 201
666 3134 215 2526 354 4114 21 18
260 382 647 3637 18 1996 625
1455 44 18 675 625 2243
279 65 20 4115 16 282 761 1833 623 762 631
3886 347 3976 3278 1660 2235 138 18
486 667 279 65 18 1832 625
118 257 281 282 18
2120 4116 18
666 487 321 555 298 2243 16 397 623 1832 625
102 260 16 1943 623 675 625 2243 210 1685 343 4117 677 102 71 109 4118 1091 4119 1079 4120 4121 4122 935 4123 4124 4125 44 47 1695 4126 3160 4127 4128 1079 4129 2034
666 1176 279 628 144 2132 539 3424 3749 1700 3750 382 102 479 4130
118 257 281 20 102 16 4130
395 141 142 769 215 339 1 260 4131 73 4132 666 487 2474
4133 499
2008 4134
743 3730 2 3224 2545 127 4135 1397 4136 4137 1 4138 2 88 492 4139 198 4140 153 2998 75 2278
666 1487 654 422 2267 260 1 4141 253
4142 617 122 12 3845 18 2280
4143 662 2997 4144 790 885 168 102 118 767 794
377 378 743 3730 292 215 4145 857 188 248 260 4146 1 246 4147 301
211 291 3637 4148 4149
3976 2243 18 9 101 138
118 3740 47 865 3260 2380 18
210 847 462 323 1177 298 4150 570 74 1039 4151 979 1502 549
983 462 3886 347 76 766 549 567 979 2876 9 1502
395 755 1147 491 39 689 690
4152 201 17 88
3976 2243 16 1832 623 762 625
377 4153 4154 4155 503 743 4156 3614 127 374 298 191 4157 4158 3073
3772 1027 4159 74 2904
121 120 118 767 865 2401 281 80 132 893
803 804
1862 21 74 479 4160 4161 781 371 2496 398 1310 1660 281 282
1215 492 617 102 1478 4162 18 1943 625
4163 1053
2788 4164 1502
2665
253 127 4165 2821 44 492 1378 4166 74 2778 1607 1499 549 1502
74 2778
2780 2919 2849 1053 4163
74 2816 1018 1502 2823 2764
4167 150 151 4168 549 1502
1378
2665 1502 549
4169 2845 4170 1378 1502
4171 2912 763 4172 4173 1039 2665 4174 1502
2760 73 4175 2873 2585 4176 74 2778 1502 549
20 3672 44 1094 2821 201 2823 1502 549
1053 4177 2849 2919 2849 2921
549 1502
74 2816 4178 1502 2823 549
4179 2 4180 2821 127 154 1378 1502 9 549
4180 769 1053
4181 1499
4182 1039 4183 4184 2796 2236 4185 2786 74 1039 4186 1875 1918 4187
44 1499 9 74 2778 4188 371 1119 1120 153 154
9 74 1378
4189 395 73 654 422 2519 487
2764
549 2665 363 1035 132 631 664 124 567 498 50 1172
2760 651 880 784 1393 1394 1502 549
477 582 209 1308 4190 1036 1018 503 4191 18 1658 402 479
4185 4192
2665 549 1502
1378 461 665 1805 290 3877 2840 288 23 635 88 4193 170 171 299 4194 300 301
74 1378
4195 4196 2758 2729 74 2778 4197 2714 1875 4198 3459 1385 4199 372 979 549 1502
2804 2686
4200
2994 462 2 132 39 395 1274 492 1491 152 4201 12 4202 4203 4204 4205 1257 522 143 73 1502 549 74 1378
74 2665 1502
2 997 1296 2 461 665 2 617 299 20 1451
4206 492 4207 4208 258 38 3529
1502 549 962 2665
4209 1289 1018 1039
549 1502
12 4210 4211 4212 68 69 4213 1053
44 4141 44 395 2921 3975
132 3162 487 1212 100 21 1378 4214 149 1289 1018
2760 1881 4215 87 2762 4216 1502 1202 979
4217 2196
1658 4218 4219 3529 1094
549 1502
2827
549 1502
2756 74 2816 1018 1502 2892
710 1499 1502 549
4220 4221 1094
371 2676
4222
2764
9 1154 44 1292
4189 395 73 486 4223 487
1502
1959 43 4224
2665 549 2815
3719 1502 132 772 473 492 583 533 567 321 4225 1383
4226 4227 2982
404 1439 3588 2882 1285 4228
594 755 4229 4230 570 99 225 1819 1914 16 9 4231
1215 4232 398 1310 4233
4234 4235 113 4236
111 498 1836 25 26 2221 17 18 122 176 1082 3877 21 3911
479 357 4237 301
1862 4238 31 189 4239 291 111 515 4240 375 25 1014 88 299 1 252 1396 4241 1082 4242 21 1996 3821 882 2 631 372 3512 919 4243
1053 2914 4244 120 1417 461 111 496 1128 9 2985 395 525 88 301 1 300 399 1178
4245 4246 73 914 361 1638 12 131
752 4247 3105 195 4248 195 9 761 18 634 129 138 395 3275
111
4249 142 4250 189
2 127 4251 2 127 2 3176
4252 4253 2791
4254
1927 269 73 111 4255
3066 911
2982
3947 3903 9 3066 4256 1339 50 138 2973 203 2447 4257
4258 1839 4259 209 2403 76 4046 294 12 3364
3295 1049 554 4260 3052 2420 1013 1328 2 2982 486 12 2519 299 1 488 4261 4262 246 2985 1212 395
74 21 111
16 4263
395 4264 4265
4266 50 138 2973 1798 330 104 369
4267 4268 4269 2262
1978 74 1039
784 1380 12 4270 4271 12 4272 4273
4274 4275 4276 2820 2632 3330 3380 666 3379 103 1555 1556 4277 2445 361 12 4278 347 2086 2371 192 4279
120 4280 4281
2982 2372 4282 892 1685 2107 395
3997 4283 392 1466 395 4284 3980 3494 4285
1339 50 138 2973
696 298
1909 195 6 699 4286 361 567 680 958 4287 1262 1212
142 330 4288 1909 195 4289
461 755 21 4290 4291
4292 142 1062 66
127 3067 4293
4294 4295
3178 3330 4296 4297
132 127 128 129 4298 440 1395 805 4299
127 3067 4293
4300 562 3330
4301 4302 612 4303 4304 113 4305 4306 4307 4308 1950 1909 4309
4310 4311 203 649 4312 1262 203 4313 12 4314
1380 203 195
4315 4316 4317 4318 4319 1262 210 847 12 4320 2752 4321 4322
4323 4324 73 4325 4326 4327 113 3260 2447 195 562 3330 4300
2982
111
2982
4328 71 4329 742 73 4330 1282 1339 50 138 2973 460 2619 1196 602 127 670 291
4263
118 3081 111 210 847 376 395
